0.png 1 19 25 100 90
1.png 1 22 26 93 87
2.png 1 26 14 86 101
3.png 1 30 25 90 87
4.png 1 19 15 101 100
5.png 1 7 18 106 100
6.png 1 20 20 84 84
7.png 1 40 32 75 68
8.png 1 13 15 102 100
9.png 1 21 25 88 89
10.png 1 16 24 100 87
11.png 1 10 25 99 86
12.png 1 13 13 95 105
13.png 1 12 29 81 89
14.png 1 30 59 82 64
15.png 1 15 18 89 102
16.png 1 34 15 65 95
17.png 1 30 15 74 98
18.png 1 25 13 85 107
19.png 1 10 15 90 108
20.png 1 15 20 78 105
21.png 1 17 28 95 97
22.png 1 30 15 85 105
23.png 1 10 35 77 80
24.png 1 17 20 103 105
25.png 1 16 24 100 97
26.png 1 19 35 86 87
27.png 1 14 26 92 95
28.png 1 17 23 89 102
29.png 1 18 20 96 102